Discrete mode

[[ 867    0    3    3    3   71   18    1   13    1]
 [   0 1099    7    3    0    5    4    0   17    0]
 [  15   23  820   36   26   11   31   16   50    4]
 [   4   20   28  823    2   46    9   12   44   22]
 [   2    7    6    0  813    2   14    1   20  117]
 [  20   19    5  109   25  644   20   10   16   24]
 [  16   20   14    0   21   32  852    0    3    0]
 [   1   36   15    3   18    0    2  860   19   74]
 [  15   15   13   60   12   42   10    7  762   38]
 [  12   13    5    6   68   12    1   24   17  851]]
0.8391

Continuous mode

[[ 886    1    3    4    3    8   29    2   30   14]
 [   0 1092    2    3    0    1    7    0   28    2]
 [  43   33  465   82    7    3  185    7  192   15]
 [  19   45   12  643    3    6   31   11  162   78]
 [  12    8    8    2  349   10   48    9  101  435]
 [  69   35    5   47   12  133   33    5  474   79]
 [  13   17    7    0    1    9  885    0   25    1]
 [   0   18    4   12    9    3    4  435   31  512]
 [  14   93    4   15    7   17   11    7  666  140]
 [   6   13    3    8    9    1    1   18   21  929]]
0.6483
